       0.0000000000000000
     537.9697099190024119
    1071.7347115053296420
    1595.1509374760314586
    2114.4426847605222974
    2627.5956403493519247
    3132.7558853084688053
    3633.8232122740082559
    4127.0694167716001175
    4614.4469129187418730
    5095.9905654336516818
    5570.0078454037357005
    6040.0454498968865664
    6504.4071522981075759
    6961.5199822958420555
    7414.7367529550856489
    7860.8632615988008183
    8303.1169565435066033
    8738.4235007618754025
    9160.9643807680604368
